2
5
9
11
12
13
15
18
30
32
33
36
37
38
49
51
52
59
64
65
66
67
68
73
76
81
83
85
90
94
99
101
103
104
108
109
110
117
120
124
132
135
136
137
139
140
142
152
153
154
155
156
158
159
165
166
167
168
169
171
173
178
187
188
192
193
198
202
203
206
209
212
217
221
223
224
226
228
230
235
240
241
242
243
245
246
248
249
254
257
258
259
262
270
273
274
276
281
286
291
295
297
301
302
303
304
306
307
310
312
314
315
316
320
321
322
323
324
327
329
330
332
333
341
342
346
347
348
350
351
355
358
359
360
361
363
366
367
368
369
372
373
376
377
378
388
391
393
395
397
398
399
403
406
408
411
412
413
415
416
417
420
423
425
426
428
429
434
437
440
442
446
450
451
453
454
459
460
461
462
465
466
469
471
472
473
476
477
478
479
482
484
485
486
489
492
496
497
501
502
505
510
511
512
517
519
521
524
528
532
534
535
541
542
544
547
550
552
553
555
556
560
565
566
568
569
570
572
574
577
579
580
581
582
584
586
587
588
590
592
593
594
597
599
602
604
608
609
610
612
614
615
618
619
621
623
624
629
631
632
635
636
637
640
641
642
646
647
649
652
654
656
659
660
663
669
673
674
675
677
678
679
684
686
689
691
696
697
699
700
702
703
705
706
709
710
711
712
713
719
725
727
729
731
732
733
734
740
742
747
749
751
755
757
758
759
760
761
764
765
766
770
771
773
774
778
779
781
787
789
791
793
794
797
804
805
810
811
813
814
815
816
817
820
824
831
834
838
847
849
851
854
858
859
861
863
866
869
870
872
875
876
877
878
880
885
886
887
890
892
893
894
897
899
903
904
905
907
909
912
913
914
917
919
921
923
924
928
931
932
933
936
937
939
941
943
