2597
6253
10399
3312
2175
20087
6698
31512
618
11698
13969
6575
24846
1313
30977
20927
24771
20293
24210
26005
9680
15297
4099
29625
9374
7645
7660
7025
15755
927
22795
7948
29343
23398
5755
27339
19416
3686
21687
16513
32643
10047
11831
14036
11079
23852
11767
18502
28848
21754
4309
4104
4656
18641
20317
29760
8784
20048
26629
16134
15865
26432
22918
20931
15958
17856
13488
771
28089
15865
22489
5740
12871
28999
9373
31617
8185
19684
25075
17319
20320
21116
32064
15681
11990
12927
31383
2469
21500
4933
21212
12974
367
19773
7553
16500
17984
23355
10587
19628
31895
16349
27796
7806
13608
2427
8765
6128
20983
24368
3012
4519
7670
16815
26142
5599
13534
6320
30598
18053
26646
7483
20293
24231
18108
12134
10098
1046
25216
29283
31780
16106
13359
10106
27875
30253
22536
11117
11110
22812
3844
2098
25350
30648
6306
26391
14230
4234
31911
3174
18099
13839
15983
7704
32215
25913
19433
30941
18231
17521
10093
7859
8814
14029
5221
5940
2001
14
27078
29248
6325
26955
32442
10356
13538
15249
20990
12422
27571
3989
8700
24752
24524
29904
17745
27710
2149
15874
14141
25305
24409
8422
3904
21032
6565
26845
23728
23630
14720
20345
12920
4485
2100
20533
7826
20202
2728
24100
16086
12012
18427
2215
19695
12425
13943
29366
26383
12342
31730
4186
18351
25552
12298
2141
25757
23712
14904
25902
31716
2615
17049
31554
19185
28094
9188
5405
20405
6723
20558
3897
9850
14095
560
16926
2238
9785
3214
2459
17001
9814
72
13245
24121
12615
20543
7729
30008
466
11171
32073
5883
32286
1407
6705
18905
29490
549
6784
8335
19030
11298
12713
32090
21867
1045
18708
28154
31902
10719
12239
25596
32750
12234
5992
20894
6777
15299
23256
23842
2547
24035
14238
14697
16230
28631
14165
28369
3017
24098
10177
11912
6229
9480
25473
27215
11294
7702
1258
24014
23560
27138
22622
24654
16559
26247
23611
23395
7866
29871
13211
25114
13727
8276
2613
18574
16497
23682
8641
14564
22316
15053
6222
723
3001
17809
1640
16212
26337
5180
3351
32621
8231
9522
10183
6254
173
8047
29145
6280
21774
12613
32458
20816
4451
8346
31827
31767
29088
4503
3067
14938
8389
3798
18433
2608
5960
19616
27724
14190
22476
19376
13512
23204
32454
10529
26376
24272
30538
17721
20763
31891
20653
11790
29133
9017
14332
22817
20522
6065
7098
2533
21230
9942
29597
7288
14977
2492
28879
28969
22822
9606
19895
635
10496
26653
5861
22463
4153
15152
7314
29450
21258
31291
32172
1099
2234
5602
794
24437
21163
12941
2345
4492
21213
30797
20460
21696
16298
24937
25374
7192
2070
11161
8527
4139
8103
21884
3533
18048
12174
23819
21263
11946
16178
18945
18482
6942
8956
2537
29793
18640
32566
22093
5148
23116
28136
22859
7910
19304
30488
4820
25739
323
9069
6553
22527
24934
18825
5281
6922
22574
23431
16169
27433
30085
5762
25654
21890
95
11524
3745
9518
7914
21363
96
26866
16187
4406
14559
32267
14917
10194
8341
23634
12501
12452
1936
21099
18535
3834
7382
18450
20014
28463
15379
20740
2935
22272
29639
21267
16724
17186
14595
8428
10912
16483
25241
1222
1881
3016
8973
24182
25691
27522
26500
14431
10723
20287
1646
19338
10300
20285
26736
25087
26181
29712
3110
23341
12863
4989
8479
9689
9172
32644
23397
30414
27704
32071
24401
27761
11900
9484
1036
30236
28076
4910
1682
32284
2422
19343
25977
7097
12312
11058
10850
19271
29547
16963
29576
2961
12964
31323
13105
2777
20442
6789
13288
26022
16792
1505
10376
11513
20350
31761
29842
26004
30839
3889
8331
13783
23967
16993
13600
3764
10677
27310
2869
1700
22138
11423
6150
2793
5233
9517
20217
30686
22879
17674
21904
6272
9304
19015
19727
26805
25846
9658
11367
17222
26890
18628
27682
26272
21507
18104
7537
13310
4366
26236
31841
25010
3481
30010
24960
16877
27627
27972
19141
27356
14284
31000
16373
17539
16072
23333
2653
10717
16670
21128
4751
9361
19652
31500
1933
32404
17454
25256
13080
11170
24562
14343
10007
5917
14819
8597
31560
2268
20163
3259
26375
20947
13532
11868
25429
3710
19840
12430
23893
16973
6858
6828
28626
29111
31281
29286
18192
5915
2902
28019
25579
31225
6106
6976
21525
29270
14701
19746
19891
31645
17748
15258
15301
16282
26159
28214
25027
5350
11910
7956
2850
2123
9084
23954
20778
26381
20526
11840
17523
32192
3739
9529
7448
25484
10888
32432
4287
5119
8153
10946
31792
30666
15203
10131
25900
30320
24484
17527
1672
28406
10929
1431
15933
14248
11543
28316
32416
30413
25171
29869
12664
7160
24705
27804
13729
14903
4113
4024
19163
7508
15078
5117
26399
29408
3421
10164
23532
14882
26549
31141
5546
3262
21346
239
5068
32147
7018
8155
2523
10692
17258
9384
25295
23270
22365
21604
13942
23228
6065
14813
8524
9122
10944
22047
12798
24487
1383
27342
6066
31883
13608
12079
2843
21631
10289
1210
9102
26318
11282
28549
25199
13830
6765
2181
5206
24246
21923
31093
11915
24174
11821
23181
1951
30631
17639
30247
16881
28380
19975
22682
8594
18962
9750
17860
26490
11343
6459
10304
18072
19675
26520
28015
21690
20361
25584
31227
9948
29158
3102
16149
20828
3973
15113
9778
16385
18022
10028
25595
8399
6641
22265
16854
9627
6467
19274
4207
15975
31771
32596
8746
5926
2588
32202
6026
3352
24711
2538
11759
26522
25769
16392
7641
18598
23363
16783
28108
16387
9020
5765
7783
9219
26480
2136
7636
1469
31257
14688
1079
27575
6230
28226
21743
18257
27352
12748
2591
16585
470
22225
76
7216
25050
1439
26330
17880
6730
8092
3598
30042
10457
26455
13694
13223
22592
4514
21287
23269
17744
11415
13683
27311
23576
26461
16913
4463
13525
16608
22385
28320
1529
27688
26426
25412
9942
21211
30695
5342
7102
12867
30103
11060
13662
20142
18405
26292
29427
20056
5817
30516
8719
20917
5507
31358
7005
6241
18541
17431
29412
12023
5726
12908
8024
29248
6706
5119
2096
13484
18760
20308
16443
16161
19549
4610
25103
2905
23984
8264
30541
14759
23672
30023
26339
1081
23317
3752
24558
11143
24844
10109
9568
25912
6825
29127
